------------------------------------------------
|   X   |  Eps  |  Function  |   Proverka  | Iter |
------------------------------------------------
| 12.00 | 10^-1 | 2.26969464 |  2.48490665 |    3 |
| 12.00 | 10^-2 | 2.45431925 |  2.48490665 |    7 |
| 12.00 | 10^-3 | 2.48119578 |  2.48490665 |   12 |
| 12.00 | 10^-4 | 2.48455448 |  2.48490665 |   18 |
| 12.00 | 10^-5 | 2.48486997 |  2.48490665 |   24 |
| 12.00 | 10^-6 | 2.48490262 |  2.48490665 |   30 |
------------------------------------------------
| 13.11 | 10^-1 | 2.32429881 |  2.57346005 |    3 |
| 13.11 | 10^-2 | 2.54687601 |  2.57346005 |    8 |
| 13.11 | 10^-3 | 2.56958178 |  2.57346005 |   13 |
| 13.11 | 10^-4 | 2.57301334 |  2.57346005 |   19 |
| 13.11 | 10^-5 | 2.57342031 |  2.57346005 |   26 |
| 13.11 | 10^-6 | 2.57345629 |  2.57346005 |   33 |
------------------------------------------------
| 14.22 | 10^-1 | 2.37191656 |  2.65480569 |    3 |
| 14.22 | 10^-2 | 2.62043837 |  2.65480569 |    8 |
| 14.22 | 10^-3 | 2.65078103 |  2.65480569 |   14 |
| 14.22 | 10^-4 | 2.65441090 |  2.65480569 |   21 |
| 14.22 | 10^-5 | 2.65476319 |  2.65480569 |   28 |
| 14.22 | 10^-6 | 2.65480086 |  2.65480569 |   35 |
------------------------------------------------
| 15.33 | 10^-1 | 2.52831479 |  2.73002911 |    4 |
| 15.33 | 10^-2 | 2.68707011 |  2.73002911 |    8 |
| 15.33 | 10^-3 | 2.72587544 |  2.73002911 |   15 |
| 15.33 | 10^-4 | 2.72954941 |  2.73002911 |   22 |
| 15.33 | 10^-5 | 2.72998411 |  2.73002911 |   30 |
| 15.33 | 10^-6 | 2.73002314 |  2.73002911 |   37 |
------------------------------------------------
| 16.44 | 10^-1 | 2.57276620 |  2.79998770 |    4 |
| 16.44 | 10^-2 | 2.76256837 |  2.79998770 |    9 |
| 16.44 | 10^-3 | 2.79571952 |  2.79998770 |   16 |
| 16.44 | 10^-4 | 2.79941976 |  2.79998770 |   23 |
| 16.44 | 10^-5 | 2.79992563 |  2.79998770 |   31 |
| 16.44 | 10^-6 | 2.79998220 |  2.79998770 |   40 |
------------------------------------------------
| 17.56 | 10^-1 | 2.61267952 |  2.86537046 |    4 |
| 17.56 | 10^-2 | 2.82010946 |  2.86537046 |    9 |
| 17.56 | 10^-3 | 2.85959389 |  2.86537046 |   16 |
| 17.56 | 10^-4 | 2.86471208 |  2.86537046 |   24 |
| 17.56 | 10^-5 | 2.86530677 |  2.86537046 |   33 |
| 17.56 | 10^-6 | 2.86536389 |  2.86537046 |   42 |
------------------------------------------------
| 18.67 | 10^-1 | 2.64871478 |  2.92673940 |    4 |
| 18.67 | 10^-2 | 2.87309277 |  2.92673940 |    9 |
| 18.67 | 10^-3 | 2.92093799 |  2.92673940 |   17 |
| 18.67 | 10^-4 | 2.92615454 |  2.92673940 |   26 |
| 18.67 | 10^-5 | 2.92667426 |  2.92673940 |   35 |
| 18.67 | 10^-6 | 2.92673333 |  2.92673940 |   45 |
------------------------------------------------
| 19.78 | 10^-1 | 2.68141002 |  2.98455897 |    4 |
| 19.78 | 10^-2 | 2.93743240 |  2.98455897 |   10 |
| 19.78 | 10^-3 | 2.97873571 |  2.98455897 |   18 |
| 19.78 | 10^-4 | 2.98389331 |  2.98455897 |   27 |
| 19.78 | 10^-5 | 2.98449251 |  2.98455897 |   37 |
| 19.78 | 10^-6 | 2.98455191 |  2.98455897 |   47 |
------------------------------------------------
| 20.89 | 10^-1 | 2.71120827 |  3.03921739 |    4 |
| 20.89 | 10^-2 | 2.98446299 |  3.03921739 |   10 |
| 20.89 | 10^-3 | 3.03181470 |  3.03921739 |   18 |
| 20.89 | 10^-4 | 3.03846997 |  3.03921739 |   28 |
| 20.89 | 10^-5 | 3.03914972 |  3.03921739 |   39 |
| 20.89 | 10^-6 | 3.03920930 |  3.03921739 |   49 |
------------------------------------------------
| 22.00 | 10^-1 | 2.73847759 |  3.09104245 |    4 |
| 22.00 | 10^-2 | 3.02827727 |  3.09104245 |   10 |
| 22.00 | 10^-3 | 3.08370639 |  3.09104245 |   19 |
| 22.00 | 10^-4 | 3.09021285 |  3.09104245 |   29 |
| 22.00 | 10^-5 | 3.09095813 |  3.09104245 |   40 |
| 22.00 | 10^-6 | 3.09103497 |  3.09104245 |   52 |
------------------------------------------------
